0.35814670414919064
-0.1451752744868516
0.7332515237685954
-1.2834640251712126
0.18166239380995963
-2.379559840924912
0.36732622537202253
-0.5415007780387926
0.646450669928383
-0.1190135492614602
0.20775456575655232
-0.3521085371565591
1.7969103714804027
0.5353320507369654
-0.7046102138614565
-2.302960542345029
0.11761815834005075
4.565558909787913
0.19767350843234707
0.2556540013417442
5.119911017315521
-2.694933952842335
-3.9081490716542646
-1.1240047111954263
-1.8402442834663826
2.7416094486391733
-1.9158276987765497
9.193759721418463
-2.1189013193559654
-2.3608801378157374
0.061238542692439196
2.3884440142857812
-4.348532840101491
1.7930259922795828
-4.112774782347043
0.6460291781007269
-0.5750643372921126
-1.7670597371827368
1.6877544195473264
-7.9686557064460555
1.5561026438454897
1.346596530668189
2.455165907213465
5.91085766642572
-3.554348916086517
2.8914568258268645
9.281309678261543
-3.2209418249896418
4.541913037710166
0.24408625196133726
-6.739803138585624
-2.8079452728720513
-0.83045323526077
0.2977556368026445
3.1742306064046995
1.1174702968285422
-3.732417663831875
-3.624209521514724
-10.212582068701236
-1.148188918562812
2.4700517738239243
6.115970195689081
2.4470236663301166
7.957038301138338
-8.279761849038275
-3.6927522780192703
-0.34065921920535636
