0.9186114820858738
0.23490137341409564
0.14381844048847467
0.29522813273515613
0.568546517996871
0.1910122520791239
0.8742691963038404
-0.8256849238864904
-0.5838370214690116
-3.2007287124271264
-0.7810071014717963
1.5499847484087277
2.7936898613489447
-2.066590519621914
2.2167263376670356
0.7049423983814462
-1.0120593007389904
0.41289107370006917
0.7808087979485766
0.08505464105249137
-1.5650078643319745
-1.617057561935714
0.518346856957351
-1.433299352508557
-1.8113323268084218
-1.9677200513108706
-1.3854514297087566
3.5167902190492235
0.1280629149208526
0.08239134336804893
0.15185174325070466
-0.33095691308560243
4.3420469511594755
0.028230826836126252
-0.29161253929605413
-2.3253795518386817
1.6742713671961105
1.427819619125033
0.48391705394233586
0.5109031139696841
-1.7170282755056916
1.253968242985078
-2.097643999776351
-4.044620234868705
0.1317900285626422
0.0731502774536325
2.7778129640136338
0.5013194081232547
2.015556494562323
-2.8173833827232517
-2.0146081780637286
3.140972326697747
2.1767530990219712
-0.5516753458340039
-0.20117542639274033
-2.1086159426585227
-1.180499929993561
1.852033264923783
3.1457364545502116
0.7587558964610863
-1.8606143369751176
3.190937120871971
-0.2778550211728964
0.5316376425502398
-1.1039247010152329
0.5482450508239004
-2.750651608570849
-1.180775365610087
-0.6280047239532687
-0.40878407206523504
-2.6131000447647823
4.1079937303520255
-0.625770718059165
-0.7547171208551435
1.1875925295541432
3.402301176830344
-3.868327313084676
-0.5321610227028651
-1.1720600195111948
0.22040372867808944
0.5033854382406132
-0.95307648598991
0.45759332025746113
