0.4020629215833726
-0.08270516730500752
0.22809021495212067
0.33263930413020465
0.40536853842827686
0.13775195784369265
0.7637901944218441
0.2425657965693348
-0.42508013850923304
-0.7307481565954438
-2.359491455293184
1.9355228048522237
0.15226045866089752
-0.9112333851211329
0.23335036049552188
-0.42936596112420955
1.744600499065919
4.705814273403701
1.1213597648355407
2.536725883845124
0.053557899580312866
-4.574027447989776
0.7635164722880952
-0.26676284053342203
0.6621679917437404
0.1313434990341111
0.2385491939595784
-0.40878094160968437
0.3111592147571592
-0.1720546422296609
0.351297869364642
-3.6416775933465595
0.7039066364248702
-8.708698956571263
4.0788371968238515
0.8310385578269007
5.707555171404574
1.3605490421138842
-4.22087601224449
-2.5201705899208475
-3.9357451054349535
-0.9632535052057334
9.143129901562105
-11.359771798158006
-2.3290496652765427
-1.8759367386497006
2.935458406045061
5.218307928514648
-6.521913692620956
0.7331593136010339
-2.763106990007597
-0.8632945734362896
9.923163047216757
1.005199992358052
-1.2262704012824588
-2.834429089567145
-2.517818071771104
7.062358246844244
0.45445367471099885
