0.03986816618 -0.788357570326
0.0281592413773 -0.641996010292
0.0164503165746 -0.478071063055
-0.00111307062939 -0.32585504062
-0.0420943074388 -0.173639018185
-0.0889300066495 -0.0448408453555
-0.17674694267 0.048830553066
-0.3113995779 0.0956662522767
-0.463615600335 0.0898117898754
-0.510451299546 -0.0331319205528
-0.416779901125 -0.126803318974
-0.287981728295 -0.0799676197635
-0.170892480268 0.00784931625661
-0.0479487698401 0.0839573274741
0.074994940588 0.165919801093
0.192084188615 0.24202781231
0.30331897424 0.32984474833
0.426262684669 0.417661684351
0.560915319899 0.464497383561
0.701422417532 0.511333082772
