0.436655066256 -0.930246954892
0.330076295007 -0.800829875519
0.253948601258 -0.671412796145
0.185433676884 -0.519157408647
0.10169321376 -0.366902021148
0.0255655200107 -0.207033864275
-0.0505621737385 -0.0700040155267
-0.141915406237 0.044187525097
-0.286558024361 0.173604604471
-0.423587873109 0.257345067595
-0.591068799358 0.280183375719
-0.667196493107 0.150766296346
-0.568230491233 0.0365747557221
-0.37791125686 0.051800294472
-0.210430330612 0.0974769107215
-0.0657877124883 0.18883014322
0.10169321376 0.24973229822
0.276786909383 0.303021683844
0.474718913131 0.341085530719
0.680263686254 0.356311069469
