0.527005088952 -0.439887286033
0.446380956386 -0.3162636161
0.355006939479 -0.171140177482
0.263632922572 -0.0260167388653
0.123884426126 0.0976069310678
-0.0158640703201 0.226605543172
-0.139487740253 0.301854733566
-0.354485427093 0.339479328763
-0.580232998276 0.317979560079
-0.714606552551 0.188980947975
-0.768355974261 -0.00451697018127
-0.725356436893 -0.198014888337
-0.537233460908 -0.284013963074
-0.343735542751 -0.343138326955
-0.128737855911 -0.321638558271
0.048635235732 -0.26251419439
0.220633385204 -0.165765235311
0.408756361189 -0.0528914497203
0.543129915465 0.0707322202128
0.682878411911 0.205105774488
