0.213872884408 -1.0
0.213872884408 -0.826206337775
0.203339935182 -0.647146200936
0.177007562117 -0.48915196255
0.140142239827 -0.331157724163
0.113809866763 -0.157364061937
0.0769445444725 0.000630176449406
0.0348127475693 0.14809146561
-0.0389178970112 0.27448685632
-0.165313287721 0.3482175009
-0.32857400072 0.342951026287
-0.45496939143 0.263953907094
-0.533966510623 0.137558516385
-0.470768815268 0.0322290241268
-0.318041051494 -0.0151692473893
-0.149513863882 -0.0309686712279
0.0190133237306 0.000630176449406
0.124342815988 0.11122614332
0.219139359021 0.216555635578
0.303402952827 0.321885127836
