0.786610667575 -0.518433034419
0.660240644746 -0.383347837603
0.564373730876 -0.213401944833
0.376997490131 -0.108819856975
0.180906075397 -0.0173105300995
0.0153177696218 0.0959867317467
-0.202561580082 0.17442329764
-0.424798516781 0.24850227654
-0.647035453479 0.300793320469
-0.843126868213 0.239787102551
-0.982569652024 0.0872715577585
-0.943351369077 -0.113177443969
-0.799550998272 -0.243905053792
-0.607817170532 -0.261335401768
-0.40301058181 -0.15675331391
-0.185131232106 -0.0608864000404
0.0371057045922 0.00447740487091
0.268057815279 0.0698412097822
0.512082686947 0.104701905735
0.743034797634 0.139562601688
