0.605159760531 -0.449847637151
0.524853271147 -0.329387903076
0.41108574452 -0.175467131757
0.297318217894 -0.068391812579
0.156781861472 0.0520679214964
0.00955329760237 0.17921986302
-0.164444096062 0.27960297475
-0.345133697175 0.353217256685
-0.586053165326 0.353217256685
-0.753358351542 0.272910767301
-0.826972633477 0.0855289587396
-0.780127181336 -0.128621679617
-0.659667447261 -0.275850243487
-0.452209016353 -0.316003488178
-0.238058377997 -0.269158036038
-0.0105233247435 -0.242389206243
0.210319521061 -0.188851546654
0.36424029238 -0.0750840200276
0.51146885625 0.058760128945
0.692158457363 0.165835448123
