0.632558059344 -0.536421785831
0.553111153256 -0.397389700178
0.453802520646 -0.208703298219
0.344563024775 -0.0200168962604
0.215461802383 0.138876915915
0.0565679902071 0.267978138308
-0.142049275012 0.367286770918
-0.340666540232 0.456664540267
-0.539283805452 0.426871950484
-0.698177617627 0.337494181135
-0.82727884002 0.178600368959
-0.817347976759 -0.0398786227824
-0.708108480888 -0.238495888002
-0.51942207893 -0.337804520612
-0.281081360666 -0.387458836917
-0.0129480526198 -0.367597110395
0.165807486078 -0.248426751263
0.354493888036 -0.139187255392
0.543180289995 -0.0200168962604
0.69214323891 0.0991534628713
