0.890170114222 -0.586563240006
0.808991502995 -0.390779530575
0.64663428054 -0.20932145842
0.532029182337 -0.104266785068
0.355346322608 0.0342143752612
0.145236975902 0.16314511074
-0.0839732205042 0.277750208943
-0.332284266611 0.392355307146
-0.604471374843 0.463983493523
-0.800255084274 0.37802966987
-0.914860182477 0.158369898315
-0.895759332776 -0.113817209918
-0.795479871848 -0.319151344198
-0.604471374843 -0.405105167851
-0.351385116311 -0.381229105725
-0.131725344756 -0.300050494498
0.0927096392255 -0.204546245995
0.283718136231 -0.0803907229419
0.479501845661 0.0676408622371
0.689611192367 0.253874146817
