0.772630961307 -0.757570818529
0.727157153568 -0.727254946703
0.605893666265 -0.499885908009
0.469472243049 -0.333148612967
0.348208755745 -0.120937510187
0.211787332529 0.0912735925938
0.0450500374874 0.258010887636
-0.0762134498158 0.379274374939
-0.349056296248 0.43990611859
-0.561267399029 0.515695798155
-0.773478501809 0.409590246765
-0.894741989112 0.182221208071
-0.894741989112 -0.0603057665352
-0.758320565896 -0.227043061577
-0.561267399029 -0.317990677054
-0.258108680771 -0.333148612967
0.0147341656616 -0.272516869316
0.226945268442 -0.120937510187
0.439156371223 0.0457997848551
0.590735730352 0.182221208071
