0.358680663672 -1.0
0.304857435167 -0.853209376807
0.251034206663 -0.701525732841
0.202103998932 -0.549842088875
0.153173791201 -0.398158444909
0.0944575419243 -0.24158178017
0.0259552511009 -0.0850051154308
-0.00829589431075 0.0764645700814
-0.0572261020417 0.233041234821
-0.115942351319 0.38961789956
-0.267625995285 0.443441128064
-0.414416618478 0.394510920333
-0.502490992394 0.286864463325
-0.492704950847 0.125394777812
-0.360593389974 0.0519994662159
-0.194230683688 0.0666785285352
-0.0474400604955 0.130287798585
0.0944575419243 0.193897068636
0.251034206663 0.233041234821
0.402717850629 0.24772029714
