0.756127311926 -1.0
0.654572790196 -0.867979121752
0.542862816294 -0.735958243504
0.441308294565 -0.58362646091
0.349909225009 -0.441450130489
0.248354703279 -0.289118347895
0.14680018155 -0.136786565301
0.0350902076478 -0.00476568705322
-0.0969306706002 0.127255191195
-0.218796096675 0.24912061727
-0.360972427096 0.340519686826
-0.533615114036 0.370986043345
-0.665635992284 0.24912061727
-0.706257800976 0.0764779303302
-0.533615114036 0.0257006694656
-0.34066152275 0.0561670259843
-0.157863383638 0.117099739022
-0.00553160104391 0.198343356405
0.167111085896 0.269431521616
0.360064677181 0.340519686826
