-0.256968203573 1.0
-0.280320333602 0.795668862247
-0.332862626167 0.608851822016
-0.397080983746 0.404520684263
-0.43210917879 0.188513481496
-0.437947211297 -0.0216556887646
-0.420433113775 -0.249338956546
-0.402919016254 -0.465346159314
-0.315348528645 -0.617135004502
-0.134369520921 -0.652163199545
0.0582855518173 -0.611296971995
0.175046201962 -0.436155996778
0.280130787092 -0.278529119083
0.233426527034 -0.11506420888
0.186722266976 -0.103388143866
0.320997014642 -0.0625219163152
0.426081599773 0.0775908638582
0.420243567265 0.281922001611
0.315158982135 0.41035871677
0.140018006918 0.381168554234
