-0.530239674393 0.994860406563
-0.489122926894 0.80469544938
-0.47884374002 0.537436590637
-0.489122926894 0.301015292519
-0.509681300644 0.0594544009626
-0.525100080956 -0.182106490594
-0.514820894081 -0.413388195275
-0.437726992521 -0.603553152457
-0.268120409088 -0.701205427767
-0.0368387044065 -0.69606583433
0.168745033088 -0.624111526207
0.302374462459 -0.480202909961
0.250978528086 -0.264339985591
0.10706991184 -0.115291775908
0.0505343840286 -0.0433374677847
0.292095275585 -0.0484770612221
0.466841452455 0.0388960272131
0.559354134328 0.229060984396
0.47712063933 0.408946754703
0.307514055897 0.516878216888
