-0.272990741346 1.0
-0.326202763937 0.803115516412
-0.342166370714 0.56898261701
-0.342166370714 0.318886110831
-0.36877238201 0.095395615947
-0.400699595565 -0.128094878937
-0.416663202342 -0.367548980598
-0.36877238201 -0.569754666445
-0.225099921013 -0.692142318405
-0.00693062838885 -0.713427127442
0.179311450681 -0.622966689036
0.3070203049 -0.473973025781
0.338947518455 -0.245161328638
0.221881068754 -0.0802040586045
0.00371177612942 -0.0642404518271
0.211238664236 -0.0802040586045
0.402801945565 -0.00038602471746
0.530510799784 0.143286436279
0.573080417857 0.350813324385
0.42940795686 0.478522178605
