-0.138551889344 0.949462947222
-0.236638075368 0.704247482163
-0.334724261391 0.434510470597
-0.432810447415 0.177034232285
-0.506375086933 -0.117224325786
-0.592200499704 -0.411482883858
-0.567678953198 -0.718002215182
-0.432810447415 -0.938696133735
-0.187594982356 -0.963217680241
0.0330989361976 -0.816088401205
0.241532081498 -0.595394482652
0.364139814028 -0.362439790846
0.376400587281 -0.104963552533
0.16796744198 0.103469592767
0.29057517451 -0.0436596862684
0.511269093063 0.0789480462612
0.658398372099 0.287381191562
0.670659145352 0.56937897638
0.462226000052 0.753290575175
0.155706668727 0.77781212168
