-0.416753248965 1.0
-0.431801536339 0.804372264141
-0.466914206878 0.613760624074
-0.502026877416 0.423148984006
-0.542155643746 0.227521248148
-0.587300505868 0.0469417996628
-0.617397080615 -0.143669840405
-0.627429272198 -0.354345863637
-0.547171739538 -0.514860928957
-0.401704961592 -0.590102365826
-0.221125513107 -0.650295515321
-0.0455621604129 -0.625215036365
0.0798402343683 -0.504828737375
0.185178245985 -0.374410246802
0.225307012315 -0.2038629899
0.16511386282 -0.0433479245797
0.225307012315 0.031893512289
0.400870365008 0.0820544702015
0.576433717702 0.142247619696
0.651675154571 0.287714397643
