-0.601775667501 1.0
-0.611304432664 0.761780870923
-0.639890728154 0.533090507008
-0.620833197828 0.266285082442
-0.582718137175 0.0280659533643
-0.554131841686 -0.191095645387
-0.525545546197 -0.419786009301
-0.487430485544 -0.610361312563
-0.392142833913 -0.772350320336
-0.192038765488 -0.839051676477
0.036651598426 -0.781879085499
0.227226901688 -0.667533903542
0.351100848808 -0.496016130606
0.370158379134 -0.257797001529
0.360629613971 -0.0481641679404
0.474974795928 0.0757097791798
0.627435038538 0.1995837263
0.741780220495 0.313928908257
0.798952811474 0.533090507008
0.646492568864 0.628378158639
