-0.127433760604 1.0
-0.182742254942 0.806420269816
-0.251877872865 0.557532045293
-0.321013490788 0.322470944355
-0.390149108711 0.101236967002
-0.431630479465 -0.161478381105
-0.473111850219 -0.396539482043
-0.431630479465 -0.617773459397
-0.26570499645 -0.68690907732
-0.0859523898501 -0.548637841474
0.0384917224112 -0.424193729213
0.107627340334 -0.17530550469
0.0246645988266 -0.0646885160133
0.0938002167495 -0.147651257521
0.315034194103 -0.216786875444
0.494786800703 -0.106169886767
0.57774954221 0.115064090586
0.57774954221 0.350125191524
0.42565118278 0.474569303786
0.204417205426 0.419260809447
