-0.0194294992638 1.0
-0.056375820456 0.793100601324
-0.122879198602 0.600979731124
-0.189382576748 0.401469596687
-0.270664483371 0.216737990726
-0.337167861517 0.0320063847646
-0.411060503901 -0.160114485435
-0.440617560855 -0.381792412588
-0.411060503901 -0.55913475431
-0.263275219132 -0.640416660933
-0.122879198602 -0.618248868218
0.0249060861668 -0.492631376164
0.113577257028 -0.330067562919
0.10618799279 -0.130557428481
0.0766309358359 -0.0418862576197
0.231805484843 -0.101000371527
0.38698003385 -0.012329200666
0.48304046895 0.15023461258
0.453483411996 0.320187690064
0.335255184181 0.38669106821
