0.710899520569 -0.934371542562
0.54026553123 -0.993437154256
0.336817313173 -0.940934388306
0.225248935528 -0.776863244711
0.218686089784 -0.520912260703
0.251500318503 -0.297775505415
0.271188855735 -0.0483873671506
0.271188855735 0.201000771113
0.198997552553 0.411011834915
0.100554866396 0.588208669997
-0.0503905857109 0.73259127636
-0.299778723975 0.739154122104
-0.509789787776 0.660399973179
-0.65417239414 0.509454521072
-0.70667516009 0.29944345727
-0.641046702652 0.089432393469
-0.470412713313 -0.035261675663
-0.234150266537 -0.0943272873571
0.015237871727 -0.0812015958695
0.238374627016 -0.0221359841754
