0.158954063857 -0.976880058604
0.0433543568761 -0.982660043953
-0.0260054673123 -0.855500366274
0.0028944594329 -0.69944076185
0.0549143275742 -0.549161142775
0.101154210366 -0.393101538352
0.135834122461 -0.231261948579
0.153174078508 -0.0520824027587
0.153174078508 0.144437099108
0.158954063857 0.335176615627
0.153174078508 0.525916132145
0.101154210366 0.676195751219
-0.0375654380103 0.73399560471
-0.176285086387 0.676195751219
-0.274544837321 0.560596044239
-0.326564705462 0.410316425164
-0.303444764066 0.242696850042
-0.222524969179 0.121317157712
-0.112705247548 0.0230574067788
0.0375743715271 -0.0289624613625
