0.347404408021 -1.0
0.169192347792 -0.954174041656
0.10809107 -0.781053754577
0.10809107 -0.572291055452
0.148825255195 -0.363528356327
0.194651213539 -0.170040976651
0.220110079286 0.0438134956235
0.230293625585 0.262759741047
0.199742986689 0.456247120724
0.113182843149 0.619183861504
-0.034478578183 0.705744005043
-0.22796595786 0.670101592998
-0.355260286594 0.532623717964
-0.467279295881 0.374778750333
-0.538564119972 0.171107824358
-0.518197027374 -0.0325631016172
-0.365443832893 -0.119123245157
-0.192323545814 -0.0732972868123
0.0266226996096 -0.0325631016172
0.220110079286 0.0285381761754
