0.481777244071 -1.0
0.286966590899 -0.96562164944
0.0921559377278 -0.931243298881
0.0233992366085 -0.776540721362
0.0577775871682 -0.570270618004
0.115074838101 -0.381189689926
0.16664236394 -0.180649311661
0.2010207145 0.0313505167903
0.21820988978 0.249080070335
0.229669339967 0.461079898786
0.115074838101 0.587133850838
-0.0338980143243 0.678809452331
-0.222978942403 0.707458077797
-0.377681519921 0.564214950465
-0.49800574688 0.420971823133
-0.520924647253 0.249080070335
-0.423519320667 0.0943774928164
-0.222978942403 0.0599991422567
-0.0396277394176 0.0943774928164
0.137993738474 0.151674743749
