0.449490117551 -1.0
0.314525160381 -0.925019468239
0.199555011681 -0.815048021656
0.119575777802 -0.690080468721
0.119575777802 -0.50012978826
0.174561501094 -0.340171320503
0.219549820151 -0.150220640042
0.229547224385 0.054726146772
0.23954462862 0.259672933585
0.214551118033 0.464619720399
0.149567990507 0.639574294508
-0.00539177513257 0.734549634739
-0.190343753476 0.764541847443
-0.350302221233 0.689561315682
-0.445277561464 0.544598954277
-0.500263284755 0.359646975934
-0.470271072051 0.17469499759
-0.365298327586 0.0497274446546
-0.215337264063 -0.00525827863685
-0.000393073015167 -0.0352504913413
