0.619748405194 -0.947008135261
0.460772810978 -0.984102440578
0.312395589709 -0.888717084049
0.164018368441 -0.793331727519
0.089829757807 -0.629056946829
0.0792313848592 -0.395892741979
0.12162487665 -0.20512202892
0.158719181967 0.00154624356056
0.185215114337 0.224112075463
0.185215114337 0.451977093839
0.137522436072 0.637448620424
-0.000256412248735 0.743432349902
-0.185727938834 0.79642421464
-0.355301905998 0.743432349902
-0.461285635475 0.58975594216
-0.530175059635 0.404284415574
-0.466584821949 0.218812888989
-0.350002719524 0.0916324136163
-0.206924684729 -0.0355480617565
-0.0479490905135 -0.13623260476
