0.790042616038 -0.967659854625
0.557193569338 -0.993531970925
0.337280580788 -0.980595912775
0.175579853913 -0.85770336035
0.123835621313 -0.6636624881
0.0914954759384 -0.430813441401
0.104431534088 -0.204432423776
0.143239708538 0.0284166229237
0.123835621313 0.274201727773
0.0850274468634 0.507050774473
-0.0119929892615 0.642879385048
-0.154289628911 0.772239966548
-0.354798530236 0.811048140998
-0.503563198961 0.681687559498
-0.587647576936 0.468242600023
-0.561775460636 0.280669756848
-0.438882908211 0.131905088124
-0.309522326711 -0.00392352245127
-0.0831413090864 -0.0233276096762
0.136771679463 0.0154805647737
