0.426844757369 -1.0
0.285366190378 -0.929260716504
0.204521294954 -0.807993373369
0.189362877062 -0.661462000414
0.234838130738 -0.469455373783
0.270207772486 -0.282501553117
0.295471802306 -0.0955477324498
0.295471802306 0.116670118037
0.255049354594 0.303623938704
0.19946848899 0.475419341479
0.0933595637468 0.606792296542
-0.0683302271002 0.647214744253
-0.255284047767 0.601739490578
-0.406868226686 0.520894595154
-0.492765928073 0.384468834127
-0.538241181749 0.192462207496
-0.497818734037 0.0156139987575
-0.371498584938 -0.0803893145579
-0.174439152343 -0.100600538414
0.0327258921792 -0.100600538414
