0.512678970684 -0.994708994709
0.242837700843 -1.0
0.142308600314 -0.809523809524
0.158181616187 -0.539682539683
0.221673679679 -0.301587301587
0.295747753753 -0.0634920634921
0.33278479079 0.190476190476
0.375112833118 0.460317460317
0.353948811954 0.708994708995
0.211091669097 0.878306878307
0.0100334680387 0.862433862434
-0.206897748892 0.746031746032
-0.429119971115 0.624338624339
-0.571977113972 0.465608465608
-0.656633198628 0.243386243386
-0.656633198628 -0.031746031746
-0.540231082226 -0.216931216931
-0.344463886459 -0.31746031746
-0.116950658945 -0.296296296296
0.0841075421128 -0.195767195767
