0.160016444415 -0.835272325184
-0.000269348177411 -0.839279469998
-0.156547995955 -0.791193732221
-0.284776630029 -0.69902940148
-0.324848078177 -0.530729319258
-0.26874805077 -0.354414947406
-0.124490837437 -0.262250616666
0.0317878103411 -0.198136299629
0.228137906267 -0.182107720369
0.0959021273781 -0.162071996295
-0.0603765203996 -0.0939505344435
-0.16055514077 0.00222094111198
-0.240698037066 0.15048529926
-0.280769485214 0.330806815927
-0.236690892251 0.499106898149
-0.116476547807 0.627335532223
0.0197663758966 0.727514152593
0.16402358923 0.851735641852
0.308280802563 0.951914262222
0.492609464044 0.995992855185
