0.523214582525 -0.937592110366
0.26721147986 -0.967710122444
0.0563853953128 -0.887395423569
-0.0339686409219 -0.681589007701
0.0212477145548 -0.455703917115
0.191916449665 -0.310133525403
0.427840877611 -0.239858163887
0.528234251205 -0.219779489168
0.252152473821 -0.234838495207
0.0112083771954 -0.18966147709
-0.23475538811 -0.114366446895
-0.445581472658 -0.0491107540584
-0.666446894565 0.0763809629342
-0.761820599479 0.292226716162
-0.812017286276 0.528151144108
-0.671466563245 0.703839547897
-0.465660147377 0.844390270929
-0.23475538811 0.934744307164
0.0262673832345 0.989960662641
0.317408166657 1.0
