0.151848048574 -0.87084680115
-0.0401863555228 -0.860178223144
-0.184212158595 -0.81216962212
-0.301566516654 -0.726820998077
-0.402918007705 -0.604132351016
-0.429589452718 -0.43343510293
-0.360243695684 -0.268072143847
-0.221552181614 -0.161386363793
-0.0775263785415 -0.0867063177555
0.114508025555 -0.0600348727421
-0.00284633250401 -0.0226948497233
-0.130869268568 0.0519851963142
-0.216217892611 0.190676710384
-0.258892204633 0.36137395847
-0.162875002584 0.489396894534
-0.0081806215067 0.574745518577
0.167850915582 0.590748385585
0.354551030676 0.553408362566
0.551919723775 0.574745518577
0.759956994879 0.596082674588
