0.373160360121 -0.68055048005
0.204013155709 -0.670600644497
0.0199411979668 -0.655675891166
-0.134281253115 -0.605926713398
-0.243729444205 -0.521353111192
-0.343227799741 -0.396980166772
-0.42282648417 -0.267632304575
-0.333277964187 -0.143259360154
-0.179055513106 -0.0984851001628
4.15268595728e-05 -0.0885352646091
0.0796402112887 -0.0437610046178
-0.0546825686854 0.00598817315039
-0.169105677552 0.10051161091
-0.223829773097 0.244784226438
-0.198955184213 0.413931430849
-0.0696073220159 0.483580279725
0.0796402112887 0.533329457493
0.263712169031 0.53830437527
0.43783429122 0.53830437527
0.626881166739 0.533329457493
