0.245038569176 -0.50056113534
0.125261034478 -0.518709246658
-0.0235534783288 -0.518709246658
-0.132442146236 -0.475153779495
-0.215923458298 -0.402561334224
-0.277627036779 -0.29730228858
-0.259478925461 -0.173895131618
-0.157849502081 -0.101302686347
-0.0525904564374 -0.0650064637109
-0.14696063529 -0.00693250749364
-0.223182702826 0.0692895600415
-0.219553080562 0.18906709474
-0.172367991135 0.312474251701
-0.110664412655 0.399585186027
0.0163723665705 0.446770275454
0.150668390323 0.461288764508
0.288594036339 0.464918386771
0.433778926882 0.464918386771
0.560815706107 0.457659142244
0.713259841177 0.450399897717
