0.268744107942 -0.907472601933
0.0461053499882 -0.907472601933
-0.12237803441 -0.79916185482
-0.242723308979 -0.648730261607
-0.20060246288 -0.456177822296
-0.0561881333962 -0.335832547726
0.148398833373 -0.269642646712
0.383072118784 -0.233539064341
0.485365602168 -0.221504536884
0.256709580486 -0.191418218242
0.0340708225312 -0.149297372142
-0.182550671695 -0.0831074711289
-0.375103111006 0.00715148479849
-0.501465649305 0.169617605468
-0.543586495404 0.392256363422
-0.477396594391 0.590826066462
-0.326965001178 0.729223132218
-0.134412561867 0.849568406788
0.0822089323592 0.933810098987
0.310864954042 0.981948208815
