0.448086715296 -0.931156361272
0.201397009854 -0.982789090318
-0.0797145149534 -0.982789090318
-0.280508461244 -0.879523632226
-0.4181957387 -0.707414535405
-0.521461196793 -0.489409679432
-0.504250287111 -0.265667853566
-0.36082603976 -0.064873907275
-0.142821183788 0.0383915508173
0.149764280807 0.0556024604993
0.390717016356 0.00970670134719
0.42513883572 -0.041926027699
0.172712160383 0.0154436712412
-0.0969254246354 0.0613394303934
-0.263297551562 0.216237617532
-0.412458768806 0.382609744458
-0.326404220396 0.623562480007
-0.108399364423 0.761249757464
0.126816401231 0.858778245662
0.42513883572 0.875989155344
