0.452772435463 -0.915811143917
0.242300295257 -0.943874095945
-0.0102662729908 -0.971937047972
-0.248801365225 -0.901779667904
-0.431210553404 -0.817590811821
-0.599588265569 -0.649213099656
-0.655714169624 -0.410678007422
-0.5294308855 -0.158111439174
-0.318958745293 -0.0739225830918
-0.0663921770458 0.0102662729908
0.256331771271 0.0804236530596
0.522929815532 0.122518081101
0.579055719587 0.108486605087
0.270363247284 0.122518081101
0.0318281550505 0.220738413197
-0.19267546117 0.347021697321
-0.332990221307 0.571525313541
-0.164612509142 0.75393450172
0.101985535119 0.824091881789
0.382615055395 0.908280737871
