0.0997866070521 -1.0
-0.129413225847 -0.976289672459
-0.32699928869 -0.905158689835
-0.477164696451 -0.778703609615
-0.564102564103 -0.604827874313
-0.524585351534 -0.375628041414
-0.413937156341 -0.209655748625
-0.208447650984 -0.106910995947
-0.00295814562657 -0.0515868983504
0.257855457327 -0.0357800133229
0.494958732739 -0.00416624326796
0.289469227382 0.00373719924579
0.107690049566 0.0432544118145
-0.0977994557915 0.114385394438
-0.20054420847 0.272454244713
-0.247964863553 0.462136865043
-0.105702898305 0.596495387777
0.0523659519697 0.722950467997
0.257855457327 0.801984893134
0.502862175253 0.849405548217
