0.276945549478 -0.666594148848
0.116266782695 -0.671950107741
-0.055123901873 -0.645170313277
-0.194378833085 -0.580898806564
-0.296142052047 -0.479135587602
-0.317565887618 -0.318456820819
-0.20509075087 -0.227405519642
-0.055123901873 -0.173845930714
0.121622741588 -0.157778054036
0.0145035637328 -0.0988625062158
-0.130107326372 -0.02923504061
-0.24258246312 0.0618162605669
-0.290786093154 0.206427150671
-0.247938422012 0.356393999668
-0.172954997514 0.468869136416
-0.0604798607658 0.565276396486
0.10555486491 0.586700232057
0.287657467263 0.586700232057
0.453692192939 0.597412149843
0.646506713078 0.618835985414
