0.729287572033 -0.93306134938
0.446203274007 -0.965413840583
0.195471467183 -0.989678208986
-0.0471722168392 -0.957325717783
-0.26555153246 -0.852180121373
-0.394961497272 -0.674241419756
-0.443490234076 -0.431597735734
-0.281727778061 -0.269835279718
-0.0795247080422 -0.148513437707
0.15503085318 -0.0595440868989
0.438115151206 -0.00292722729359
0.252088326789 0.00516089550717
-0.0148197256362 0.0536896323117
-0.200846550054 0.14265898312
-0.346432760467 0.328685807537
-0.475842725279 0.530888877556
-0.427313988475 0.716915701974
-0.217022795655 0.830149421184
0.00135651996532 0.943383140395
0.292528940792 0.975735631598
