-0.432336847474 -0.557833308956
-0.533358086087 -0.489283182754
-0.417905241958 -0.377438240004
-0.288020792313 -0.269201198633
-0.165352145426 -0.160964157262
-0.0498993012973 -0.0527271158916
0.0511219373155 0.0879810378905
0.152143175928 0.232297093052
0.238732809025 0.383828950971
0.159358978686 0.4992817951
-0.0029965833699 0.560616118543
-0.154528441289 0.495673893721
-0.215862764733 0.326102528906
-0.158136342668 0.16374696685
-0.0607230054344 0.0374704185841
0.0583377400736 -0.0635508200287
0.177398485582 -0.168179960021
0.274811822815 -0.272809100012
0.397480469702 -0.269201198633
0.581483440033 -0.251161691738
