-0.595444876195 -0.930578324872
-0.751396885725 -0.790759281845
-0.595444876195 -0.591786028306
-0.385716311654 -0.441211674277
-0.149099469609 -0.322903253255
0.0444961284284 -0.129307655217
0.243469381967 0.0427773208157
0.404799046998 0.252505885356
0.549995745526 0.505255693905
0.641415889043 0.779516124458
0.442442635505 0.930090478487
0.152049238449 0.989244688998
-0.143721814108 0.962356411493
-0.305051479139 0.747250191451
-0.337317412145 0.456856794395
-0.20825368012 0.225617607851
-0.111455881102 -0.0109992341946
-0.014658082083 -0.263749042743
0.0875173724367 -0.500365884789
0.221958759963 -0.602541339309
