-0.702619499842 -0.804131054131
-0.572910731244 -0.662630579297
-0.419618550174 -0.497546691991
-0.284013928458 -0.320671098449
-0.113034188034 -0.120212092434
0.0343621399177 0.0743510604622
0.175862614752 0.286601772713
0.276092117759 0.487060778727
0.323258942703 0.740582462805
0.246612852168 0.964624881292
0.0402579930358 0.941041468819
-0.130721747388 0.775957581513
-0.254534662868 0.569602722381
-0.272222222222 0.321976891421
-0.284013928458 0.0507676479899
-0.254534662868 -0.208649889205
-0.171992719215 -0.43858816081
-0.00690883190883 -0.479859132637
0.205341880342 -0.420900601456
0.470655270655 -0.403213042102
