-0.257839721254 -0.762962110753
-0.511614401858 -0.829164201346
-0.737804878049 -0.702276861044
-0.63850174216 -0.44850218044
-0.390243902439 -0.332648521903
-0.158536585366 -0.211278022484
0.0400696864111 -0.0512896368856
0.16144018583 0.163867157539
0.30487804878 0.373507111082
0.36556329849 0.654865996099
0.238675958188 0.864505949642
-0.0537166085947 0.897606994938
-0.290940766551 0.792787018167
-0.406794425087 0.572113382859
-0.346109175377 0.30730502049
-0.197154471545 0.0866313851818
-0.0206155632985 -0.0733570004164
0.172473867596 -0.24437906778
0.315911730546 -0.459535862205
0.497967479675 -0.597456884272
