-0.410856373509 -0.57474205425
-0.54602824163 -0.439570186129
-0.406632252631 -0.262157109221
-0.224995054843 -0.118536999343
-0.0602543405713 0.0546519566868
0.0749175275493 0.274306242383
0.188968791276 0.510857011594
0.112934615458 0.743183659926
-0.102495549359 0.853010802774
-0.313701593298 0.743183659926
-0.415080494388 0.515081132473
-0.419304615267 0.236289154474
-0.267236263631 0.050427835808
-0.085599065844 -0.0720716696763
0.112934615458 -0.186122933403
0.294571813245 -0.338191285039
0.497329615426 -0.515604361947
0.395950714336 -0.663448592704
0.298795934124 -0.511380241068
0.48465725279 -0.393104856463
