-0.41750875529 -0.788049029622
-0.587799139063 -0.702903837735
-0.59489457172 -0.497136290676
-0.403317889975 -0.348132204874
-0.225932073544 -0.213318984386
-0.0343553917992 -0.0572194659273
0.150125857289 0.113070917846
0.292034510433 0.318838464906
0.334607106377 0.581369473223
0.277843645119 0.843900481541
0.0933623960309 0.985809134686
-0.112405151029 0.900663942799
-0.240122938859 0.701991828396
-0.268504669488 0.46074711805
-0.197550342916 0.226597840362
-0.0840234203998 0.00663942798774
0.0365989347731 -0.184937253757
0.128839559317 -0.411991098789
0.185603020575 -0.631949511163
0.355893404348 -0.539708886619
