-0.558725682077 -0.821049261902
-0.755967793568 -0.683438486444
-0.677988354141 -0.444913142315
-0.444050035861 -0.343998573646
-0.237633872674 -0.215561849884
-0.063326890426 -0.0274937900909
0.0880449625785 0.165161295551
0.211894660491 0.417447717225
0.340331384253 0.674321164748
0.399962720285 0.926607586422
0.161437376156 0.995412974151
-0.109197148912 0.922020560573
-0.274330079463 0.729365474931
-0.278917105311 0.454143924014
-0.168828484944 0.211031554037
-0.026630683637 -0.013732712545
0.101806040124 -0.233909953279
0.202720608794 -0.458674219861
0.358679487647 -0.614633098714
0.441245952922 -0.46326124571
