-0.514990969296 -0.788042421155
-0.709220580744 -0.697401935813
-0.683323299217 -0.490223683601
-0.489093687769 -0.352104848794
-0.260334367619 -0.261464363451
-0.0272588338814 -0.162191450933
0.166970777567 -0.0240726161256
0.261927476497 0.196054276849
0.36983281619 0.446394664938
0.400046311305 0.722632334553
0.330986893901 0.964340295466
0.0633816514611 0.990237576993
-0.122215532812 0.847802528597
-0.18264252304 0.593145926921
-0.161061455101 0.30827583013
-0.0876858241097 0.0752002963923
0.0202195155838 -0.153559023758
0.110860000926 -0.386634557495
0.214449127032 -0.615393877646
0.469105728708 -0.611077664058
