-0.426966993908 -0.81337050517
-0.652598527132 -0.770683458344
-0.646500377586 -0.502364878293
-0.463555891187 -0.313322242348
-0.231826208416 -0.160868503682
-0.0488817220175 0.009879683623
0.121866465288 0.205020469115
0.22553500758 0.448946450979
0.256025755313 0.71726503103
0.121866465288 0.924602115615
-0.18913916159 0.936798414708
-0.365985498441 0.759952077856
-0.402574395721 0.479437198712
-0.262316956149 0.284296413221
-0.0915687688438 0.113548225915
0.085277568008 -0.0511018118431
0.213338708487 -0.240144447788
0.298712802139 -0.508463027839
0.384086895792 -0.679211215144
0.518246185818 -0.545051925119
