-0.49798729596 -0.799055814068
-0.590590146983 -0.646533471207
-0.492540069429 -0.423197183445
-0.280098234729 -0.308805426299
-0.0676564000295 -0.183519216092
0.0903131693626 0.00168648595416
0.248282738755 0.208681094123
0.351780042839 0.448359061477
0.42804121427 0.709825934953
0.319096683655 0.878689957407
0.0467353571165 0.922267769653
-0.231073195952 0.867795504345
-0.367253859222 0.644459216584
-0.432620577591 0.366650663515
-0.329123273506 0.137867149223
-0.160259251053 -0.0473385528227
0.0194992244627 -0.216202575276
0.161127114263 -0.423197183445
0.291860551001 -0.624744565084
0.455277346924 -0.602955658961
