0.882619897417 -0.640804122249
0.729122840192 -0.460219349044
0.584655021628 -0.270605337178
0.413099487083 -0.0809913253126
0.214456236557 0.108622686553
0.0158129860307 0.271148982438
-0.200888741816 0.397558323682
-0.498853617605 0.469792232964
-0.787789254733 0.451733755643
-0.932257073298 0.289207459758
-0.986432505259 0.000271822629825
-0.896140118656 -0.243517621197
-0.724584584111 -0.442160871723
-0.471765901624 -0.532453258326
-0.191859503156 -0.460219349044
0.0338714633512 -0.34283924646
0.196397759236 -0.216429905217
0.367953293781 -0.0539036093318
0.548538066987 0.117651925213
0.711064362871 0.3253244144
