0.380725429296 -1.0
0.319945735604 -0.862232694299
0.27537396023 -0.712309449859
0.234854164435 -0.55833422584
0.190282389061 -0.392203063082
0.137606654529 -0.234175859484
0.0849309199957 -0.0883045946235
0.0038913284067 0.0494627110778
-0.0974081610796 0.162918139302
-0.218967548463 0.243957730891
-0.360786833744 0.296633465424
-0.526917996501 0.300685445004
-0.644425404305 0.195333975938
-0.575541751455 0.122398343508
-0.397254649959 0.130502302667
-0.227071507622 0.158866159723
-0.0730962836029 0.199385955517
0.0565670629396 0.268269608368
0.206490307379 0.320945342901
0.376673449716 0.349309199957
