-0.430175556207 -1.0
-0.354757615117 -0.882683202749
-0.25420036033 -0.782125947962
-0.153643105543 -0.66480915071
-0.0614656219885 -0.555872124691
0.0223320903339 -0.430175556207
0.0893702601919 -0.279339674027
0.122889345121 -0.120124020614
0.148028658818 0.0474714040307
0.139648887585 0.23182637114
0.0809904889597 0.38266225332
-0.0530858507563 0.449700423178
-0.195541961704 0.416181338249
-0.279339674027 0.30724431223
-0.337998072653 0.173167972514
-0.170402648008 0.148028658818
-0.0028072233628 0.181547743747
0.139648887585 0.23182637114
0.248585913605 0.324003854695
0.416181338249 0.407801567017
