0.335936478037 -1.0
0.288412735787 -0.864217879287
0.213732569395 -0.73522486461
0.15941972111 -0.585864531826
0.0983177667896 -0.443293305078
0.0507940245402 -0.287143866259
0.016848494362 -0.117416215368
-0.037464353923 0.0251550113806
-0.125722732386 0.140569813986
-0.213981110849 0.249195510556
-0.336185019491 0.33745388902
-0.465178034168 0.296719252806
-0.519490882453 0.154148026058
-0.43123250399 0.0455223294875
-0.288661277241 0.0387332234518
-0.139300944458 0.0998351777725
-0.0442534599587 0.174515344165
0.105106872825 0.249195510556
0.240888993538 0.303508358842
0.383460220286 0.351032101091
