0.1181992064 -1.0
0.142420234343 -0.834489642388
0.138383396353 -0.644758256833
0.12223604439 -0.459063709269
0.0980150164473 -0.277405999695
0.0778308264946 -0.0997851281118
0.0455361225704 0.073798905481
0.00920458065563 0.235272425102
-0.0755690171455 0.360414402809
-0.228968860786 0.412893296685
-0.378331866435 0.360414402809
-0.459068626246 0.227198749121
-0.475215978208 0.0495778775378
-0.386405542416 -0.0796009381592
-0.224932022795 -0.128042994046
-0.0432743132213 -0.124006156055
0.0859045024757 -0.0230852062918
0.174714938267 0.0980199334241
0.263525374059 0.223161911131
0.368483161813 0.332156536875
