-0.260352566627 -1.0
-0.164167351025 -0.871753045865
-0.0679821354243 -0.737093744024
-0.0102710060636 -0.570372703648
0.0282030801768 -0.378002272446
0.0474401232971 -0.185631841244
0.0602648187106 0.0131509376652
0.0217907324701 0.199109021161
-0.100043873958 0.327355975296
-0.286001957454 0.359417713829
-0.484784736363 0.333768323002
-0.574557604257 0.205521368867
-0.542495865723 0.0452126761989
-0.362950129934 0.0452126761989
-0.183404394146 0.10292380556
-0.0230957014771 0.179871978041
0.150037686605 0.243995455108
0.31675872698 0.308118932175
0.477067419649 0.391479452363
0.656613155438 0.442778234017
