0.471358529615 -1.0
0.377020301567 -0.851754213068
0.28942051838 -0.696769981275
0.201820735193 -0.541785749483
0.114220952006 -0.393539962551
0.0266211688184 -0.25877106534
-0.0677170592293 -0.103786833547
-0.168793732138 0.0444589533852
-0.296824184488 0.159012516015
-0.492239085444 0.206181630038
-0.640484872376 0.132058736572
-0.620269537794 -0.0364023849414
-0.485500640583 -0.13747905785
-0.296824184488 -0.0970483886863
-0.141839952695 -0.00271016063861
-0.0138095003449 0.118581846851
0.107482507145 0.246612299202
0.228774514635 0.401596530994
0.343328077264 0.516150093624
0.478096974475 0.637442101114
