0.0766796221351 -1.0
0.097556281442 -0.841337389268
0.0892056177192 -0.665973451091
0.0599782946897 -0.498960176636
0.0265756397988 -0.344472897766
0.00569898049195 -0.177459623311
-0.0235283425376 -0.0146216807181
-0.0778076567353 0.139865598152
-0.140437634656 0.281826881439
-0.261522258635 0.361158186805
-0.361730223308 0.273476217716
-0.424360201229 0.13151493443
-0.390957546338 -0.0187970125795
-0.278223586081 -0.102303649807
-0.127911639072 -0.0605503311931
-0.0318790062603 0.0354823016183
0.064153626551 0.156566925598
0.139309600056 0.277651549577
0.239517564728 0.382034846111
0.385654179876 0.432138828448
