0.211882090827 -1.0
0.129132503355 -0.894264416008
0.0831605103148 -0.751751237584
0.0555773144908 -0.590849261944
0.0279941186668 -0.429947286304
0.00960532145081 -0.250656513448
-0.00878347576518 -0.0805601392001
-0.0225750736772 0.10332783296
-0.0225750736772 0.291813004424
-0.119116259061 0.397548588416
-0.293809832613 0.411340186328
-0.422531413125 0.337784997464
-0.496086601989 0.209063416952
-0.417934213821 0.0987306336559
-0.266226636789 0.117119430872
-0.114519059757 0.176883021824
-0.00418627646118 0.2642298086
0.119938104747 0.342382196768
0.276242881083 0.3791597912
0.460130853243 0.40214578772
