-0.199502392025 1.0
-0.18762993329 0.792231972147
-0.229183538861 0.596336403029
-0.276673373799 0.382632145809
-0.306354520635 0.180800347324
-0.330099438104 -0.0388401392634
-0.330099438104 -0.228799479014
-0.312290750002 -0.448439965602
-0.270737144432 -0.638399305353
-0.140140098353 -0.721506516494
-0.00360682290666 -0.638399305353
0.121053993805 -0.525610947375
0.17448005811 -0.341587836992
0.103245305703 -0.175373414709
0.168543828743 -0.157564726608
0.328822021658 -0.0685212860995
0.477227755838 0.0442670718776
0.53659004951 0.240162640996
0.447546609002 0.382632145809
0.269459727985 0.447930668849
