-0.00803058668007 0.255957634598
0.148785517239 0.24594809605
0.225525312773 0.14585271057
0.208842748527 -0.0209729318964
0.0853917731013 -0.0843666760337
-0.0614147922694 -0.0810301631844
0.0887282859506 -0.111058778828
0.212179261376 -0.161106471568
0.222188799924 -0.297903498391
0.125429927293 -0.384652832474
0.0186615161146 -0.478075192255
-0.128145049256 -0.534795910694
-0.224903921887 -0.458056115159
-0.228240434736 -0.30124001124
-0.201548331941 -0.144423907322
-0.178192741996 0.0257382479943
-0.154837152051 0.19590040331
-0.141491100653 0.366062558626
-0.144827613503 0.542897739641
-0.151500639201 0.716396407807
