-0.173818769738 1.0
-0.246694670676 0.854248198123
-0.302753056013 0.686073042112
-0.325176410148 0.484262854898
-0.347599764283 0.288058506218
-0.381234795485 0.0974599960714
-0.40365814962 -0.104350191142
-0.409263988154 -0.306160378356
-0.336388087215 -0.457518018767
-0.196242123872 -0.547211435306
-0.0112494522597 -0.59766398211
0.162531542286 -0.59766398211
0.241013281758 -0.457518018767
0.280254151494 -0.272525347154
0.22980160469 -0.137985222345
0.156925703752 -0.109956029676
0.31949502123 -0.149196899412
0.476458500174 -0.093138514075
0.521305208444 0.0918541575377
0.448429307505 0.232000120881
