-0.454626221602 1.0
-0.499603376063 0.755838304353
-0.493178068283 0.505251300927
-0.467476837162 0.241813681939
-0.454626221602 -0.0151986292677
-0.480327452722 -0.272210940475
-0.448200913822 -0.522797943902
-0.319694758218 -0.651304099505
-0.133360832593 -0.747683716208
0.110800863054 -0.741258408427
0.226456403097 -0.554924482802
0.187904556416 -0.336464018276
0.0722490163726 -0.169406015992
0.149352709735 -0.188681939332
0.387089097601 -0.130854169311
0.605549562127 -0.028049244828
0.69550387105 0.158284680797
0.676227947709 0.408871684224
0.534871176545 0.563079070948
0.271433557558 0.582354994289
