-0.373694961416 1.0
-0.367415645332 0.780223937056
-0.3799742775 0.541609925859
-0.405091541837 0.31555454683
-0.411370857921 0.0581025873808
-0.398812225753 -0.1867907399
-0.34857769708 -0.394008170676
-0.279505220154 -0.588666969284
-0.153918898472 -0.720532607051
0.0281812679679 -0.676577394462
0.160046905735 -0.544711756695
0.204002118323 -0.375170222424
0.15376758965 -0.1867907399
0.0658571644727 -0.0109698895446
0.103533060977 -0.0423664699652
0.30447117567 -0.0360871538811
0.44261612952 0.0706612195491
0.486571342109 0.265320018157
0.373543652595 0.409744288092
0.160046905735 0.39090633984
