-0.232493598378 1.0
-0.249300632021 0.837532008111
-0.260505321117 0.652654638031
-0.266107665665 0.450970234307
-0.271710010213 0.249285830583
-0.282914699309 0.0588061159545
-0.294119388405 -0.137275943222
-0.299721732952 -0.32775565785
-0.288517043857 -0.523837717026
-0.187674841995 -0.635884607984
-0.00279747191427 -0.658293986175
0.126056452687 -0.574258817957
0.226898654549 -0.473416616095
0.271717410932 -0.29974393511
0.165272864522 -0.182094699605
0.086840040852 -0.11486656503
0.243705688193 -0.0588431195512
0.372559612794 0.030794393215
0.439787747369 0.17645535146
0.400571335534 0.327718654253
