-0.309989701339 1.0
-0.309989701339 0.817370408514
-0.309989701339 0.634740817027
-0.303467215929 0.41949879849
-0.277377274288 0.230346721593
-0.283899759698 0.0477171301064
-0.283899759698 -0.161002403021
-0.283899759698 -0.343631994507
-0.264332303467 -0.526261585994
-0.205629934775 -0.676278750429
-0.0360453141092 -0.70889117748
0.0944043940954 -0.643666323378
0.166151733608 -0.493649158943
0.133539306557 -0.317542052866
0.113971850326 -0.14143494679
0.21180913148 -0.0631651218675
0.348781325094 -0.00446275317542
0.49879848953 0.0998970133883
0.557500858222 0.269481634054
0.485753518709 0.393408856849
