-0.285150592927 1.0
-0.294868296778 0.805645922972
-0.353174519887 0.611291845944
-0.362892223738 0.368349249659
-0.401763039144 0.16427746878
-0.421198446846 -0.0495120159513
-0.401763039144 -0.263301500682
-0.372609927589 -0.467373281562
-0.294868296778 -0.632574247035
-0.110231923602 -0.710315877847
0.0938398572778 -0.681162766292
0.220170007346 -0.535397208521
0.239605415049 -0.321607723791
0.229887711197 -0.127253646763
0.132710672683 -0.0203589043971
0.220170007346 -0.0592297198027
0.404806380523 -0.000923496694302
0.482548011334 0.183712876482
0.472830307482 0.397502361213
0.336782453563 0.51411480743
