-0.994180523454 0.850062458392
-0.947624711083 0.762770310198
-0.930166281444 0.495074389067
-0.906888375259 0.262295327215
-0.837054656703 -0.00540059391573
-0.755581985055 -0.20326279649
-0.580997688665 -0.406944475611
-0.412232868822 -0.558250865815
-0.231829095887 -0.680459873288
0.0533252548826 -0.732835162205
0.408313324208 -0.744474115297
0.687648198431 -0.668820920195
0.699287151523 -0.42440290525
0.513063902041 -0.278915991592
0.361757511837 -0.168345937212
0.646911862606 -0.197443319944
0.809857205903 0.000418882630583
0.844774065181 0.314670616131
0.81567668245 0.611463919993
0.652731339153 0.809326122568
