-0.0608069964785 1.0
-0.121291409421 0.806449878583
-0.205969587541 0.600802874578
-0.30274464825 0.401204311867
-0.399519708958 0.195557307861
-0.478149445784 0.00200718644432
-0.544682300021 -0.21573670015
-0.580972947786 -0.433480586744
-0.514440093549 -0.596788501689
-0.351132178604 -0.645176032043
-0.212018028835 -0.633079149455
0.0117742990529 -0.596788501689
0.108549359761 -0.439529028038
0.169033772704 -0.209688258855
0.114597801056 -0.0100896961442
0.20532442047 -0.0463803439099
0.392826100592 0.03829783421
0.544037132949 0.153218218801
0.604521545892 0.346768340218
0.544037132949 0.510076255164
