-0.505022394827 1.0
-0.510408229666 0.773794936761
-0.526565734183 0.542204038684
-0.531951569022 0.305227305767
-0.5427232387 0.0736364076897
-0.5427232387 -0.14718282071
-0.505022394827 -0.335687040075
-0.424234872242 -0.438017902017
-0.311132340623 -0.52957709428
-0.160328965131 -0.610364616865
0.033561089074 -0.63729379106
0.259766152313 -0.604978782026
0.378254518771 -0.524191259441
0.437498702 -0.378773718787
0.399797858127 -0.238742012973
0.270537821991 -0.114867811676
0.168206960049 -0.0125369497345
0.372868683932 -0.0179227845735
0.523672059424 0.0897939122067
0.631388756204 0.245983122538
