-0.29394501529 1.0
-0.276640918248 0.818306981058
-0.302597063811 0.602005768032
-0.345857306416 0.41598672483
-0.376139476239 0.208337560325
-0.402095621803 0.00934044434139
-0.428051767366 -0.189656671642
-0.441029840147 -0.401631860408
-0.423725743105 -0.596302952131
-0.319901160853 -0.734735728468
-0.168490311735 -0.713105607165
-0.0343835596586 -0.596302952131
0.11702728946 -0.475174272837
0.177591629107 -0.315111375197
0.160287532065 -0.111788234953
0.147309459283 0.030970565644
0.311698381183 0.0872088810307
0.445805133259 0.212663584586
0.489065375864 0.372726482225
0.324676453964 0.433290821872
