0.402759149262 -1.0
0.200220348726 -0.944127227438
0.081490707032 -0.811429392604
0.0186338379 -0.657779268059
0.0465702241809 -0.434288177812
0.137363479594 -0.252701666986
0.249109024717 -0.0920674458709
0.33291818356 0.089519064955
0.346886376701 0.306026058632
0.270061314428 0.494596666028
0.144347576164 0.634278597432
-0.0302548380916 0.718087756275
-0.225809542058 0.648246790573
-0.400411956313 0.54348534202
-0.498189308297 0.375867024334
-0.533109791148 0.145391837517
-0.463268825445 -0.0501628664495
-0.323586894041 -0.154924315003
-0.0931117072236 -0.126987928722
0.0954589001724 -0.0501628664495
