0.13902253132 -1.0
0.0632194858604 -0.92419695454
0.0199034598835 -0.767176360374
0.0523904793661 -0.588497753219
0.117364518332 -0.4368916623
0.17692405405 -0.296114577875
0.231069086521 -0.133679480462
0.258141602756 0.0395846234459
0.263556106004 0.229092237095
0.225654583274 0.396941837755
0.133608028073 0.499817399451
0.0144889566363 0.608107464393
-0.131702631036 0.667667000111
-0.256236205719 0.581034948157
-0.332039251179 0.478159386462
-0.397013290144 0.342796805284
-0.402427793391 0.169532701377
-0.299552231696 0.0612426364344
-0.153360644024 -0.003731402531
0.0199034598835 0.0125121072103
