0.786645356802 -0.927415002698
0.540973058242 -1.0
0.289717298352 -0.921831541367
0.161297687741 -0.74874424011
0.200381917058 -0.469571173565
0.267383453028 -0.246232720329
0.328801527668 0.0329403462161
0.362302295654 0.323280335423
0.256216530367 0.55220224999
0.0831292291087 0.725289551247
-0.117875378804 0.881626468513
-0.402631906679 0.915127236498
-0.598053053261 0.74203993524
-0.759973431857 0.496367636681
-0.866059197144 0.284196106107
-0.838141890489 0.0217734235543
-0.642720743908 -0.112229648387
-0.374714600025 -0.0508115737474
-0.123458840135 0.0608576528706
0.066378845116 0.172526879489
