0.539636047891 -0.930921253776
0.348341058347 -1.0
0.167673568223 -0.914980004647
0.130477320256 -0.707743765975
0.162359818513 -0.489880027883
0.19955606648 -0.261388790373
0.210183565899 -0.0169563037337
0.20486981619 0.222162433196
0.210183565899 0.466594919835
0.146418569384 0.535673666059
0.0879673225795 0.721654905893
-0.0873864178356 0.811988650956
-0.294622656508 0.737596155022
-0.459348897504 0.615379911702
-0.539055143147 0.41345742274
-0.549682642566 0.17433868581
-0.469976396923 0.00961244481405
-0.310563905637 -0.107290048796
-0.0767589184165 -0.139172547053
0.141104819675 -0.0966625493769
