0.362446265536 -0.986051766906
0.218314523565 -0.995350588969
0.116027480876 -0.879115313186
0.0881310146885 -0.693138871933
0.116027480876 -0.497863608618
0.148573358096 -0.307237756334
0.167171002221 -0.107313081988
0.181119235315 0.101910414421
0.190418057377 0.306484499799
0.209015701503 0.520357407239
0.218314523565 0.738879725711
0.0974298367511 0.817919713243
-0.0792477824387 0.762126780867
-0.232678346472 0.678437382304
-0.344264211224 0.552903284458
-0.43725243185 0.3808750763
-0.483746542163 0.185599812985
-0.381459499474 0.0507668930765
-0.200132469253 -0.0003766282679
-0.00485720593774 0.0368186599826
