0.603822242689 -1.0
0.446014275846 -0.957513239696
0.330693069307 -0.854331107529
0.263928160258 -0.702592677872
0.233580474327 -0.538715173843
0.22751093714 -0.356629058255
0.215371862768 -0.150264793921
0.203232788395 0.0682385447847
0.160746028091 0.244255123187
0.106120193415 0.408132627216
0.0393552843656 0.578079668432
-0.0698963849873 0.675192263412
-0.215565277458 0.76016578402
-0.336956021184 0.650914114667
-0.434068616164 0.511314759383
-0.500833525213 0.35350679254
-0.500833525213 0.159281602579
-0.409790467419 0.0257517844808
-0.245912963389 -0.0288740501957
-0.0334791618697 -0.034943587382
