0.475915747582 -1.0
0.316668486635 -0.945400939104
0.189270677878 -0.858952426018
0.139221538723 -0.681505478106
0.139221538723 -0.476758999745
0.166521069171 -0.29021220835
0.193820599619 -0.0809158082481
0.221120130067 0.119280748371
0.221120130067 0.328577148473
0.157421225688 0.492374331162
0.0300234169306 0.615222218178
-0.147423530982 0.674371200815
-0.34307016586 0.683471044298
-0.465918052876 0.55607323554
-0.51141727029 0.364976522404
-0.51141727029 0.155680122302
-0.434068600687 0.00553270483748
-0.24297188755 0.0237323918029
-0.0928244700858 0.064681687475
0.0573229473786 0.132930513595
