0.278264173887 -0.982717738258
0.0881592947256 -0.953913968688
0.0363125094999 -0.746526827785
0.0939200486396 -0.539139686883
0.203374373005 -0.354795561636
0.31282869737 -0.164690682475
0.410761513908 0.0484572123423
0.474129806962 0.278887368901
0.433804529564 0.497796017632
0.278264173887 0.618771849825
0.0420732634139 0.647575619395
-0.194117647059 0.613011095911
-0.401504787962 0.572685818513
-0.545523635811 0.42290621675
-0.580088159295 0.17519379845
-0.545523635811 -0.0552363581091
-0.389983280134 -0.153169174647
-0.165313877489 -0.130126158991
-0.00977352181183 -0.101322389421
0.122723818209 -0.00915032679739
