0.604510430717 -1.0
0.37783403241 -0.974094125908
0.14468116558 -0.928758846246
0.0734400118258 -0.721511853508
0.131728228533 -0.520741329293
0.248304661949 -0.339400210647
0.351928158318 -0.132153217909
0.410216375025 0.0880467118757
0.429645780595 0.353581921322
0.364881095364 0.567305382583
0.190016445241 0.690358284521
-0.0431364215895 0.735693564183
-0.302195162512 0.716264158613
-0.541824497866 0.670928878952
-0.716689147989 0.534923039967
-0.807359707312 0.327676047229
-0.736118553558 0.107476117445
-0.535348029343 0.0103290895988
-0.282765756943 -0.00910031597036
-0.0172305474972 0.0168055581219
