0.58944436526 -0.989072595971
0.409142198784 -0.994536297986
0.201521522235 -0.95082668187
0.0977111839605 -0.786915621437
0.108638587989 -0.551976434816
0.212448926264 -0.366210566325
0.288940754466 -0.147662485747
0.332650370582 0.0544944887875
0.316259264538 0.316752185481
0.267085946408 0.546227670087
0.0703926738883 0.644574306347
-0.148155406689 0.731993538578
-0.372167189282 0.753848346636
-0.525150845686 0.600864690232
-0.62896118396 0.415098821741
-0.650815992018 0.174695933105
-0.525150845686 0.010784872672
-0.279284255036 0.010784872672
-0.0334176643862 0.0654218928164
0.114102290004 0.207478145192
