0.851568844853 -0.968390053743
0.603957599169 -0.989463351248
0.409029597249 -0.894633512475
0.203564946575 -0.783998700574
0.114003432179 -0.594339023029
0.0823934859217 -0.346727777346
0.124540080932 -0.0885798829104
0.187759973447 0.153763038397
0.208833270951 0.411910932832
0.161418351565 0.648985529763
0.0244419177831 0.822840234179
-0.144144462257 0.949280019209
-0.365414086059 0.922938397328
-0.51819549297 0.76488866604
-0.618293656118 0.548887366615
-0.660440251128 0.280202823426
-0.623561980494 0.0378599021193
-0.481317222336 -0.120189829168
-0.254779274158 -0.209751343564
-0.00716802847438 -0.230824641069
