0.495098152292 -0.752762335356
0.312772485064 -0.808862540657
0.0883716638601 -0.836912643307
-0.107979054693 -0.794837489331
-0.269267144933 -0.689649604392
-0.339392401559 -0.493298885839
-0.227191990958 -0.332010795599
-0.0588913750548 -0.240847961985
0.123434292173 -0.149685128371
0.0112338815714 -0.149685128371
-0.178104311319 -0.107609974395
-0.311342298909 0.018615487532
-0.423542709511 0.17289105211
-0.493667966137 0.341191668012
-0.437567760836 0.530529860903
-0.276279670596 0.635717745842
-0.0799289520426 0.733893105119
0.137459343498 0.797005836082
0.347835113377 0.860118567046
0.565223408918 0.888168669696
