0.47877072043 -0.755153408663
0.25569366849 -0.767780411603
0.0199896136095 -0.746735406703
-0.203087438331 -0.696227394942
-0.337775469691 -0.561539363582
-0.249386449111 -0.376343320462
-0.0683994069706 -0.266909294982
0.12100563713 -0.186938276362
0.33987368809 -0.128012262642
0.50402472631 -0.0943402548016
0.25990266947 -0.111176258722
0.0284076155695 -0.0817132518616
-0.177833432451 -0.0185782371615
-0.363029475571 0.0698107834186
-0.506135508891 0.208707815759
-0.522971512811 0.410739862799
-0.413537487331 0.595935905919
-0.257804451071 0.73904193924
-0.0599814050106 0.8526849657
0.16309564693 0.9158199804
