0.284582673226 -0.713273218902
0.132827482698 -0.697013734202
-0.0135078795964 -0.67533442127
-0.132744100725 -0.604876654239
-0.219461352456 -0.512739574275
-0.289919119486 -0.420602494312
-0.333277745351 -0.279686960251
-0.306178604186 -0.149611082655
-0.219461352456 -0.057474002692
-0.111064787793 -0.0195352050601
-0.132744100725 0.00214410787245
-0.219461352456 0.0888613596026
-0.181522554824 0.224357065431
-0.121904444259 0.354432943026
-0.035187192529 0.462829507689
0.0677895439006 0.549546759419
0.197865421496 0.603745041751
0.344200783791 0.625424354683
0.512215459018 0.641683839382
0.680230134245 0.641683839382
