0.0338115426516 -1.0
-0.14529381653 -0.940298213606
-0.302689435205 -0.848031816452
-0.405810702613 -0.706918503157
-0.340681481093 -0.516958273721
-0.183285862417 -0.408409571187
-0.0150353734889 -0.305288303779
0.191207161327 -0.256441387638
0.337747909748 -0.245586517385
0.109795634426 -0.223876776878
-0.053027419376 -0.13703781485
-0.204995602924 -0.0393439825692
-0.318971740586 0.112624200979
-0.373246091853 0.302584430415
-0.39495583236 0.503399530104
-0.264697389318 0.628230538018
-0.0693097247562 0.704214629792
0.142360245186 0.747634110806
0.364885085382 0.785626156693
0.587409925578 0.818190767454
