0.55401917791 -0.7276799765
0.313875658323 -0.803153654084
0.0394259216517 -0.858043601418
-0.180133867685 -0.782569923834
-0.351664953104 -0.611038838415
-0.358526196521 -0.357172831994
-0.166411380851 -0.219947963658
0.101177112403 -0.103306825573
0.36190436224 -0.0552781216559
0.670660315995 -0.0415556348224
0.492267987159 -0.00724941773852
0.210957007071 0.0201955559286
-0.0840764598502 0.0819467466795
-0.365387439938 0.150559180847
-0.564363499024 0.287784049183
-0.619253446359 0.562233785854
-0.50947355169 0.78179357519
-0.241885058436 0.809238548858
0.0668708953188 0.843544765941
0.375626849074 0.857267252775
