0.498239145075 -0.649650588976
0.411267263554 -0.709861891567
0.143661474261 -0.709861891567
-0.0904935913713 -0.656340733708
-0.264437354412 -0.522537839061
-0.25774720968 -0.335213786556
-0.0704231571742 -0.234861615571
0.163731908458 -0.154579878783
0.397886974089 -0.107748865656
0.344365816231 -0.0809882867268
0.0834501716696 -0.0542277077974
-0.157395038695 -0.0341572736004
-0.391550104327 0.0394343184553
-0.518662854241 0.199997792031
-0.632395314691 0.380631699805
-0.54542343317 0.574645897042
-0.324648657003 0.634857199633
-0.0570428677096 0.65492763383
0.190492487387 0.708448791689
0.458098276681 0.735209370619
