0.257301488222 -0.628108676369
0.121809192155 -0.623090443181
-0.0337560366635 -0.613053976806
-0.174266565919 -0.577926344492
-0.289685929236 -0.512689313052
-0.374995893426 -0.417342882486
-0.369977660239 -0.266795886856
-0.269612996485 -0.166431223102
-0.139138933605 -0.10621242485
-0.00364663753737 -0.0610483261605
0.0214445284011 -0.0108659942836
-0.104011301291 0.0493528039686
-0.159211866356 0.169790400473
-0.179284799106 0.320337396104
-0.114047767666 0.43575675942
0.006389828838 0.506012024048
0.151918591281 0.54615788955
0.312502053287 0.556194355925
0.478103748481 0.556194355925
0.638687210487 0.5662308223
