0.349624502885 -0.98108472918
0.128946343319 -0.987389819453
-0.0286809135134 -0.854982923714
-0.0854267259732 -0.627999673875
0.0154547183998 -0.432541875402
0.217217607146 -0.319050250482
0.475726308352 -0.281219708843
0.500946669445 -0.255999347749
0.255048148786 -0.218168806109
0.0280648989464 -0.16142299365
-0.161087809253 -0.0605415492766
-0.406986329912 0.034034804823
-0.602444128385 0.153831520016
-0.747461204671 0.311458776849
-0.778986656037 0.538442026688
-0.615054308931 0.696069283521
-0.394376149365 0.796950727894
-0.142172538433 0.853696540353
0.122641253046 0.853696540353
0.400065225072 0.853696540353
