0.330755235435 -0.44930780692
0.19841870007 -0.460650938522
0.0623011208362 -0.44930780692
-0.0624733267945 -0.415278412111
-0.206152993763 -0.403935280509
-0.285554914983 -0.328314403157
-0.28933595885 -0.188415780056
-0.19480986216 -0.127919078174
-0.0738164583973 -0.0901086394981
-0.134313160279 -0.0258308937489
-0.228839256969 0.0384468520002
-0.262868651777 0.144316080293
-0.221277169234 0.272871571791
-0.138094204146 0.359835580746
-0.0208818442509 0.397646019422
0.11901677885 0.43167541423
0.262696445819 0.446799589701
0.406376112787 0.454361677436
0.546274735888 0.454361677436
0.693735446725 0.454361677436
