-0.379308042315 -0.616518653477
-0.509600984423 -0.517675731878
-0.424236643042 -0.351439909189
-0.298436561007 -0.230132687226
-0.150172178608 -0.126796905555
-0.0288649566453 -0.000996823519312
0.101427985463 0.151760418952
0.200270907062 0.313503381569
0.227228067498 0.51568208484
0.0834565451718 0.619017866511
-0.118722158099 0.619017866511
-0.235536519989 0.502203504622
-0.262493680425 0.309010521496
-0.195100779335 0.142774698807
-0.0872721375903 0.00798889662606
0.038527944445 -0.0863611649004
0.159835166408 -0.180711226427
0.290128108515 -0.293032728244
0.375492449897 -0.432311390497
0.541728272586 -0.360425629334
