-0.596155239452 -0.586587614011
-0.863803221677 -0.518459036717
-0.893001183375 -0.323805958735
-0.654551162847 -0.168083496349
-0.382036853672 -0.0464253226105
-0.133854179245 0.0752328511282
0.017001956191 0.303950217757
0.104595841283 0.59106350778
0.0997295143333 0.853845163056
-0.172784794841 0.941439048148
-0.396635834521 0.790582912712
-0.372304199773 0.513202276588
-0.240913372135 0.289351236908
-0.0511266211027 0.128762447573
0.143526456879 -0.0269600148123
0.308981573164 -0.197281458047
0.484169343348 -0.406533516877
0.435506073852 -0.654716191304
0.401441785205 -0.430865151625
0.664223440481 -0.333538612634
