-0.725029498907 -0.810289662621
-0.977824959589 -0.726024509061
-0.880254781782 -0.504274104953
-0.636329337264 -0.384528886735
-0.348053811925 -0.282523700846
-0.0464732623387 -0.184953523039
0.193017174097 -0.0385982563279
0.401462553958 0.138802066958
0.556687836833 0.356117462983
0.671998046969 0.608912923665
0.636517982312 0.852838368183
0.326067416562 0.883883424758
0.0200518588935 0.835098335855
-0.237178609871 0.733093149965
-0.330313779596 0.458122648872
-0.321443763432 0.156542099286
-0.201698545214 -0.0785133290672
-0.0109931976815 -0.233738611942
0.15753710944 -0.41557394331
0.308327384233 -0.610714298925
