-0.187470426436 -0.898786281713
-0.40624362846 -0.807974763892
-0.587866664102 -0.642862913309
-0.468160572429 -0.41996191502
-0.29892092558 -0.234211083114
-0.0718921310277 -0.0979938063821
0.126242089673 0.0299678778203
0.245948181346 0.273507857431
0.369782069284 0.512920040778
0.468849179634 0.781226797976
0.390421050607 0.991744407471
0.10560310835 0.971105426148
-0.158575852584 0.880293908327
-0.278281944257 0.649137317509
-0.232876185347 0.360191578988
-0.109042297409 0.116651599377
0.023047183058 -0.11450499144
0.171647848583 -0.358044971052
0.25833157014 -0.646990709573
0.41106003193 -0.741930023659
