-0.115982847904 -0.701914380111
-0.388429364763 -0.707153736205
-0.618961032875 -0.633802750896
-0.713269442557 -0.403271082785
-0.571806828034 -0.214654263421
-0.362232584296 -0.0627129367106
-0.110743491811 0.0420741851583
0.156463668955 0.125903882653
0.371277268786 0.267366497176
0.460346322375 0.513616233568
0.3607985566 0.7284298334
0.114548820208 0.817498886988
-0.178855121025 0.775584038241
-0.336035803829 0.60792464325
-0.299360311175 0.345956838578
-0.168376408838 0.141621950934
-0.0164350821285 -0.0155587318696
0.187899805516 -0.162260702486
0.397474049254 -0.282765892635
0.565133444244 -0.455664643719
