-0.539445527605 -0.785793163938
-0.75196157687 -0.702860071541
-0.694945075848 -0.474794067452
-0.456512435209 -0.350394428858
-0.223263112844 -0.231178108538
-0.0470302915022 -0.0653119237455
0.103285938466 0.14720412552
0.253602168434 0.359720174785
0.352085215655 0.624069406798
0.367635170479 0.914335230185
0.0825526653669 0.914335230185
-0.181796566646 0.841768774338
-0.311379523515 0.634436043348
-0.280279613867 0.349353538236
-0.119596747349 0.162754080344
0.035902800894 -0.0238453775474
0.139569166389 -0.246728063362
0.22768557706 -0.51626061365
0.326168624281 -0.438510839528
0.574967901469 -0.360761065407
