-0.355564789502 -0.787551667578
-0.65775833789 -0.710722799344
-0.673124111536 -0.429016949153
-0.473369054128 -0.219018042646
-0.237760524877 -0.0295068343357
0.00809185347184 0.149760524877
0.218090759978 0.359759431383
0.361504647348 0.61585565883
0.243700382723 0.882195735375
-0.0533712411154 0.994878075451
-0.31971131766 0.866829961728
-0.447759431383 0.580002186987
-0.452881355932 0.252199015856
-0.309467468562 0.0012247129579
-0.0994685620558 -0.183164570804
0.166871514489 -0.316334609076
0.366626571897 -0.505845817387
0.131018042646 -0.613406232914
0.156627665391 -0.341944231821
0.443455440131 -0.229261891744
