-0.21686591408 -0.637293814608
-0.414848066768 -0.637293814608
-0.434163398737 -0.333077336088
-0.294127241958 -0.130266350408
-0.100973922263 0.04840047031
0.125981228379 0.217409625043
0.27084621815 0.449193608678
0.275675051143 0.748581254205
0.0728640654628 0.922419241931
-0.221694747072 0.946563406893
-0.463136396692 0.801698417121
-0.525911225592 0.492653105609
-0.463136396692 0.183607794097
-0.279640742981 0.00494097337855
-0.0623432583239 -0.106122185446
0.193584890272 -0.222014177263
0.338449880044 -0.429653995936
0.314305715082 -0.733870474456
0.251530886181 -0.642122647601
0.425368873907 -0.516572989799
