-0.44474393531 -0.306326971421
-0.312967954477 -0.267992140634
-0.214734950584 -0.174550990589
-0.135669362084 -0.0595464982257
-0.0446241389638 0.0410824325919
0.0416292303085 0.151295071106
0.103923330338 0.280675125015
0.0775681341719 0.41963888662
-0.0566037735849 0.405263325075
-0.123689727463 0.297446613484
-0.15004492363 0.153690998031
-0.111710092842 0.0195190902738
-0.047020065888 -0.0930894751649
0.0416292303085 -0.184134698286
0.0560047918538 -0.303931044497
0.0631925726265 -0.208093967528
0.180592991914 -0.152987648271
0.336328241989 -0.145799867498
0.496855345912 -0.150591721346
0.652590595987 -0.150591721346
