-0.49204153661 -0.620682620315
-0.571883224188 -0.421078401371
-0.387249321664 -0.236444498847
-0.182654997246 -0.0917314401126
-0.00301120019585 0.0978925678846
0.121741436644 0.327437419671
0.261464389906 0.571952587878
0.176632596854 0.841418283453
-0.0878429932472 0.936230287451
-0.38225921619 0.911279760083
-0.521982169451 0.686725013771
-0.551922802293 0.397298896301
-0.432160270926 0.167754044515
-0.237546157456 0.0130607748332
-0.0179815166167 -0.136642389375
0.191602913275 -0.276365342636
0.371246710325 -0.451019034213
0.481029030744 -0.620682620315
0.416157659587 -0.705514413367
0.615761878532 -0.565791460106
